48.8351503 2.3077904
48.8317022 2.3579381
48.8812439 2.2917141
48.8558991 2.3550941
48.8406029 2.3993259
48.8587301 2.4106012000000003
48.879117900000004 2.3369039000000003
48.836990300000004 2.3831853
48.8326046 2.3684351
48.872250900000004 2.3124588
48.8951008 2.3635409000000003
48.8473729 2.3030128000000003
48.8646808 2.4041664000000003
48.8799469 2.372198
48.8692677 2.355567
48.856168000000004 2.3150233
48.844614400000005 2.2968983
48.8507624 2.3951794
48.843976000000005 2.3242495
48.9011031 2.3550581
48.840670900000006 2.4090112
48.876280200000004 2.286528
48.8866844 2.2976026000000003
48.8557343 2.3049729
48.8761712 2.3588675
48.8632465 2.346054
48.867040100000004 2.3529391
48.855276800000006 2.3377533
48.838541600000006 2.2619984
48.853066000000005 2.2820132